The total number of unique tokens vectorized is: 30449
===================== CLASSIFICATION REPORT FOR BASE-MNB =====================
EMOTIONS REPORT
              precision    recall  f1-score   support

           0       0.47      0.44      0.46      2089
           1       0.53      0.30      0.38      1198
           2       0.32      0.11      0.17       999
           3       0.19      0.07      0.10      1689
           4       0.25      0.10      0.14      2231
           5       0.27      0.06      0.09       716
           6       0.31      0.05      0.09       934
           7       0.42      0.10      0.17      1181
           8       0.31      0.03      0.06       450
           9       0.23      0.03      0.06       950
          10       0.25      0.08      0.12      1585
          11       0.45      0.09      0.15       622
          12       0.10      0.00      0.01       283
          13       0.29      0.04      0.08       600
          14       0.52      0.04      0.07       364
          15       0.75      0.67      0.71      1409
          16       0.00      0.00      0.00        75
          17       0.37      0.11      0.17       892
          18       0.60      0.34      0.43       952
          19       0.00      0.00      0.00       147
          20       0.37      0.84      0.51     11045
          21       0.41      0.13      0.19       877
          22       0.00      0.00      0.00       143
          23       0.20      0.03      0.05       960
          24       0.00      0.00      0.00       144
          25       0.40      0.05      0.08       303
          26       0.41      0.09      0.15       805
          27       0.33      0.07      0.11       721

    accuracy                           0.38     34364
   macro avg       0.31      0.14      0.16     34364
weighted avg       0.36      0.38      0.31     34364


SENTIMENT REPORT
              precision    recall  f1-score   support

           0       0.42      0.25      0.31      3796
           1       0.54      0.53      0.53      7822
           2       0.49      0.49      0.49     11045
           3       0.62      0.71      0.66     11701

    accuracy                           0.55     34364
   macro avg       0.52      0.49      0.50     34364
weighted avg       0.54      0.55      0.54     34364


===================== CLASSIFICATION REPORT FOR BASE-DT =====================
EMOTIONS REPORT
              precision    recall  f1-score   support

           0       0.40      0.56      0.46      2089
           1       0.41      0.57      0.48      1198
           2       0.22      0.35      0.27       999
           3       0.17      0.24      0.19      1689
           4       0.20      0.27      0.23      2231
           5       0.22      0.26      0.24       716
           6       0.22      0.30      0.25       934
           7       0.32      0.33      0.33      1181
           8       0.25      0.29      0.27       450
           9       0.16      0.17      0.17       950
          10       0.23      0.23      0.23      1585
          11       0.28      0.23      0.25       622
          12       0.18      0.14      0.16       283
          13       0.23      0.22      0.22       600
          14       0.41      0.33      0.37       364
          15       0.75      0.74      0.75      1409
          16       0.10      0.07      0.08        75
          17       0.28      0.24      0.26       892
          18       0.54      0.49      0.51       952
          19       0.12      0.10      0.11       147
          20       0.51      0.43      0.47     11045
          21       0.35      0.22      0.27       877
          22       0.21      0.06      0.10       143
          23       0.19      0.08      0.11       960
          24       0.20      0.09      0.12       144
          25       0.40      0.29      0.34       303
          26       0.39      0.19      0.25       805
          27       0.36      0.19      0.25       721

    accuracy                           0.36     34364
   macro avg       0.30      0.27      0.28     34364
weighted avg       0.37      0.36      0.36     34364


SENTIMENT REPORT
              precision    recall  f1-score   support

           0       0.35      0.47      0.40      3796
           1       0.51      0.59      0.55      7822
           2       0.51      0.47      0.49     11045
           3       0.70      0.60      0.65     11701

    accuracy                           0.54     34364
   macro avg       0.52      0.53      0.52     34364
weighted avg       0.56      0.54      0.55     34364


===================== CLASSIFICATION REPORT FOR BASE-MLP =====================
EMOTIONS REPORT
              precision    recall  f1-score   support

           0       0.47      0.48      0.47      2089
           1       0.45      0.47      0.46      1198
           2       0.28      0.25      0.26       999
           3       0.18      0.20      0.19      1689
           4       0.21      0.23      0.22      2231
           5       0.23      0.23      0.23       716
           6       0.26      0.22      0.24       934
           7       0.33      0.31      0.32      1181
           8       0.25      0.32      0.28       450
           9       0.16      0.15      0.16       950
          10       0.24      0.20      0.22      1585
          11       0.31      0.23      0.26       622
          12       0.17      0.20      0.18       283
          13       0.23      0.19      0.21       600
          14       0.42      0.36      0.39       364
          15       0.71      0.75      0.73      1409
          16       0.04      0.01      0.02        75
          17       0.24      0.32      0.28       892
          18       0.51      0.56      0.54       952
          19       0.16      0.10      0.12       147
          20       0.50      0.51      0.50     11045
          21       0.28      0.26      0.27       877
          22       0.08      0.08      0.08       143
          23       0.15      0.13      0.14       960
          24       0.18      0.15      0.16       144
          25       0.37      0.27      0.31       303
          26       0.29      0.29      0.29       805
          27       0.29      0.26      0.28       721

    accuracy                           0.38     34364
   macro avg       0.29      0.28      0.28     34364
weighted avg       0.37      0.38      0.37     34364


SENTIMENT REPORT
              precision    recall  f1-score   support

           0       0.40      0.38      0.39      3796
           1       0.53      0.57      0.55      7822
           2       0.52      0.45      0.48     11045
           3       0.64      0.70      0.67     11701

    accuracy                           0.55     34364
   macro avg       0.52      0.52      0.52     34364
weighted avg       0.55      0.55      0.55     34364


===================== CLASSIFICATION REPORT FOR TOP-MNB =====================
EMOTIONS REPORT
              precision    recall  f1-score   support

           0       0.45      0.51      0.48      2089
           1       0.50      0.44      0.47      1198
           2       0.30      0.20      0.24       999
           3       0.19      0.11      0.14      1689
           4       0.24      0.13      0.17      2231
           5       0.28      0.15      0.20       716
           6       0.28      0.13      0.18       934
           7       0.35      0.19      0.24      1181
           8       0.33      0.10      0.15       450
           9       0.21      0.08      0.12       950
          10       0.22      0.13      0.16      1585
          11       0.39      0.17      0.23       622
          12       0.41      0.05      0.09       283
          13       0.26      0.09      0.14       600
          14       0.39      0.10      0.16       364
          15       0.70      0.74      0.72      1409
          16       0.00      0.00      0.00        75
          17       0.36      0.21      0.26       892
          18       0.57      0.48      0.52       952
          19       0.00      0.00      0.00       147
          20       0.40      0.72      0.51     11045
          21       0.35      0.22      0.27       877
          22       0.14      0.01      0.01       143
          23       0.21      0.08      0.11       960
          24       0.33      0.01      0.03       144
          25       0.40      0.13      0.19       303
          26       0.35      0.18      0.23       805
          27       0.34      0.16      0.22       721

    accuracy                           0.39     34364
   macro avg       0.32      0.20      0.22     34364
weighted avg       0.36      0.39      0.35     34364


SENTIMENT REPORT
              precision    recall  f1-score   support

           0       0.42      0.25      0.31      3796
           1       0.54      0.53      0.53      7822
           2       0.49      0.49      0.49     11045
           3       0.62      0.71      0.66     11701

    accuracy                           0.55     34364
   macro avg       0.52      0.49      0.50     34364
weighted avg       0.54      0.55      0.54     34364


===================== CLASSIFICATION REPORT FOR TOP-DT =====================
EMOTIONS REPORT
              precision    recall  f1-score   support

           0       0.00      0.00      0.00      2089
           1       0.00      0.00      0.00      1198
           2       0.00      0.00      0.00       999
           3       0.00      0.00      0.00      1689
           4       0.00      0.00      0.00      2231
           5       0.00      0.00      0.00       716
           6       0.00      0.00      0.00       934
           7       0.00      0.00      0.00      1181
           8       0.00      0.00      0.00       450
           9       0.00      0.00      0.00       950
          10       0.00      0.00      0.00      1585
          11       0.00      0.00      0.00       622
          12       0.00      0.00      0.00       283
          13       0.00      0.00      0.00       600
          14       0.00      0.00      0.00       364
          15       0.86      0.73      0.79      1409
          16       0.00      0.00      0.00        75
          17       0.00      0.00      0.00       892
          18       0.55      0.59      0.57       952
          19       0.00      0.00      0.00       147
          20       0.34      0.98      0.50     11045
          21       0.00      0.00      0.00       877
          22       0.00      0.00      0.00       143
          23       0.00      0.00      0.00       960
          24       0.00      0.00      0.00       144
          25       0.00      0.00      0.00       303
          26       0.00      0.00      0.00       805
          27       0.00      0.00      0.00       721

    accuracy                           0.36     34364
   macro avg       0.06      0.08      0.07     34364
weighted avg       0.16      0.36      0.21     34364


SENTIMENT REPORT
              precision    recall  f1-score   support

           0       0.00      0.00      0.00      3796
           1       0.00      0.00      0.00      7822
           2       0.34      0.98      0.50     11045
           3       0.85      0.16      0.27     11701

    accuracy                           0.37     34364
   macro avg       0.30      0.29      0.19     34364
weighted avg       0.40      0.37      0.25     34364


===================== CLASSIFICATION REPORT FOR TOP-MLP =====================
EMOTIONS REPORT
              precision    recall  f1-score   support

           0       0.49      0.48      0.48      2089
           1       0.46      0.48      0.47      1198
           2       0.31      0.24      0.27       999
           3       0.19      0.18      0.18      1689
           4       0.22      0.17      0.19      2231
           5       0.24      0.25      0.24       716
           6       0.27      0.21      0.24       934
           7       0.33      0.33      0.33      1181
           8       0.30      0.29      0.30       450
           9       0.16      0.15      0.16       950
          10       0.23      0.23      0.23      1585
          11       0.25      0.28      0.26       622
          12       0.22      0.17      0.19       283
          13       0.19      0.22      0.20       600
          14       0.38      0.37      0.38       364
          15       0.79      0.71      0.75      1409
          16       0.08      0.08      0.08        75
          17       0.26      0.28      0.27       892
          18       0.49      0.60      0.54       952
          19       0.11      0.14      0.12       147
          20       0.49      0.53      0.51     11045
          21       0.28      0.27      0.28       877
          22       0.11      0.09      0.10       143
          23       0.15      0.14      0.15       960
          24       0.13      0.12      0.13       144
          25       0.32      0.38      0.34       303
          26       0.30      0.31      0.31       805
          27       0.33      0.24      0.28       721

    accuracy                           0.38     34364
   macro avg       0.29      0.28      0.28     34364
weighted avg       0.37      0.38      0.38     34364


SENTIMENT REPORT
              precision    recall  f1-score   support

           0       0.38      0.40      0.39      3796
           1       0.54      0.54      0.54      7822
           2       0.52      0.50      0.51     11045
           3       0.66      0.67      0.66     11701

    accuracy                           0.56     34364
   macro avg       0.52      0.53      0.53     34364
weighted avg       0.56      0.56      0.56     34364


